1987
1690
1857
1913
2004
1853
1929
1980
1696
1729
1685
1940
1805
1855
1724
1843
1937
1912
1882
1742
2006
1720
1858
1933
1703
1993
1745
1713
1928
1762
1831
1982
1898
1894
1989
1782
1917
1753
1851
1742
1711
1714
1974
1789
1755
1736
1906
1825
1748
1910
1825
1967
1998
1981
1864
1710
1838
1818
1675
1784
1866
2007
1790
1966
1704
1686
1701
1868
1712
1893
1876
1726
1737
1948
1731
2001
1928
1960
2003
1911
1753
1813
1925
1729
1799
1885
1735
1841
1828
1919
2003
1667
1939
1712
1877
1943
1903
1787
1904
1820
1920
1857
1852
1969
1818
1856
1691
1694
1916
1664
1844
1779
1831
1863
1767
1719
1918
1967
1977
1869
1810
1945
1859
1741
1979
1772
2001
1765
1677
1717
1836
1741
2007
1859
1900
1835
1781
1960
1892
1827
1853
1689
1850
1771
1899
1722
1950
1870
1833
1809
1945
1895
1737
1787
1909
1911
1770
1997
1928
1780
1990
1989
1878
1803
1745
1908
1871
1796
1697
1720
2008
1846
1714
1975
1915
1808
1727
1919
1805
1822
1759
1792
1691
1736
1765
1692
1922
1746
1926
1679
1832
1941
1702
1862
1925
1979
1671
1729
1785
1892
