1904
1675
1950
1728
1972
1938
1876
1914
1846
1806
1776
1729
1855
1919
1802
1711
1685
1992
2005
1982
1674
1952
1752
1749
1705
1662
1729
1790
1858
1789
1909
1897
1680
1953
1740
1717
1987
1990
1908
1752
2005
1678
1701
2001
1991
1895
1710
1975
1864
1720
1723
1769
1794
1950
1855
1882
1890
1849
1893
1667
1814
1893
1999
1722
1778
1830
1841
1866
1712
1831
1939
1870
1941
1911
1698
1750
1803
1792
1757
1860
1798
1824
1941
1896
1955
1881
1797
1899
1691
1801
1846
1732
1969
1722
1668
2004
1750
1760
1930
1799
